ALUNO: JOÃO VÍCTOR CESA ANDRADE
MATRÍCULA - 2012160


14, 25, 17, 60, 2, 40, 8, 97, 93, 23

73, 41, 56, 75, 51, 12, 54, 20, 93, 21, 8, 50, 13, 76, 48, 71, 94, 69, 33, 100, 32, 30, 16, 6, 70, 23, 63, 77, 98, 29, 55, 18, 15, 5, 95, 91, 86, 65, 64, 49, 31, 24, 60, 35, 53, 74, 11, 97, 99, 38, 19, 14, 25, 89, 1, 61, 22, 78, 80, 96, 3, 9, 83, 72, 52, 62, 28, 47, 17, 66, 26, 4, 85, 10, 27, 44, 46, 88, 7, 84, 68, 40, 82, 87, 2, 90, 57, 58, 79, 43, 45, 92, 42, 37, 59, 36, 81, 34, 39, 67

638,347,471,571,522,679,294,483,286,378,191,279,950,626,583,571,28,250,722,441,408,859,536,739,337,692,254,
732,864,819,451,839,534,781,903,108,288,995,968,351,916,660,738,974,8,279,419,608,334,84,953,118,553,409,61,366,435,
354,709,48,455,510,691,293,412,576,180,111,740,893,74,573,400,683,176,763,103,12,418,43,344,381,316,655,898,85,145,969,
603,770,593,615,333,921,135,465,814,669,172,518,126,622,815,537,376,21,688,845,783,46,465,99,2,664,852,400,619,175,550,
444,543,864,106,602,791,595,842,722,277,649,61,668,246,833,978,942,59,189,711,271,324,765,653,37,708,199,715,466,687,194,
86,654,776,718,379,977,6,792,34,171,789,312,433,980,614,274,367,439,362,780,768,917,802,996,12,428,49,636,196,988,860,983,
345,582,885,622,997,0,11,231,572,211,880,443,571,416,233,657,779,221,160,522,894,82,450,62,456,371,206,566,15,153,105,481,
668,629,841,657,756,90,292,282,349,522,732,815,783,897,798,256,866,359,702,881,401,103,807,242,31,705,194,367,489,808,371,
998,246,19,689,290,689,974,509,56,505,973,862,834,797,943,113,747,257,617,162,562,355,136,922,847,927,890,845,445,308,727,
683,820,493,21,976,623,877,821,891,680,195,314,873,832,288,562,753,430,853,127,192,28,591,95,209,291,524,315,449,518,320,
891,88,759,548,773,240,544,429,724,713,520,7,307,111,365,558,698,973,538,582,156,397,448,898,631,696,928,194,688,793,671,
707,944,490,343,141,256,346,826,527,301,552,297,241,251,168,490,952,489,990,293,297,282,377,489,82,625,360,133,273,734,796,
293,619,687,769,221,642,82,729,985,5,307,760,65,503,453,786,819,822,605,473,500,392,882,783,24,78,170,973,347,407,768,349,
541,178,394,655,24,297,118,804,813,331,877,694,92,454,284,140,487,431,386,213,985,885,206,387,442,29,598,594,13,828,970,945,
897,986,925,380,843,368,458,882,371,993,472,357,327,841,938,522,858,58,555,581,9,308,360,302,26,303,118,772,264,122,363,66,
320,764,113,404,137,423,435,648,779,94,401,560,47,231,441,207,577,715,836,6,949,527,995,524,254,665,869,312,912,52,37,626,
406,997,792,573,219,624,747,892,171,875,69,123,930,129,855,37,48,656,207,420,883,923,733,689,413,302,829,327,963,36,582,
589,981,226,754,419,740,323,476,386,876,947,564,376,972,367,873,478,399,595,334,48,496,657,538,783,207,602,702,190,278,
342,110,702,368,950,804,91,479,417,999,51,903,110,224,935,4,577,757,475,112,607,387,313,699,534,470,486,760,9,2,944,561,
958,560,434,814,372,298,527,535,604,637,549,811,709,165,640,896,689,684,869,298,437,474,740,193,722,675,453,453,467,485,
916,216,210,425,242,585,80,280,229,253,289,552,969,536,924,400,29,856,763,680,491,610,348,646,975,134,95,171,517,722,386,
919,425,782,966,874,912,331,777,218,557,731,429,594,6,990,623,857,204,45,437,429,350,566,23,360,389,974,29,106,231,940,
535,220,702,795,752,525,943,399,661,281,883,105,715,443,0,261,409,574,698,380,743,204,181,845,9,494,654,997,429,813,709,
781,635,791,608,866,978,687,382,329,410,26,855,285,546,6,175,36,508,321,340,319,154,871,170,152,975,964,175,839,722,478,
881,501,20,415,240,105,668,475,892,630,881,998,617,467,458,975,94,708,651,107,766,380,347,608,443,837,125,583,374,693,750,
240,961,757,870,274,357,365,57,211,727,902,599,245,481,633,346,359,918,808,446,836,360,122,741,995,225,106,592,969,753,
632,495,986,379,219,724,627,357,261,910,949,419,427,266,453,610,600,721,731,244,583,128,362,855,386,81,512,916,393,658,
234,565,182,884,753,513,310,751,29,881,368,111,80,476,892,935,732,606,242,823,941,141,553,161,513,669,919,293,288,840,
209,901,150,216,635,882,326,660,690,376,531,524,23,540,395,726,875,282,738,532,982,529,736,47,391,527,808,2,889,570,
584,749,186,695,769,612,601,822,79,712,965,164,191,168,531,451,899,314,829,119,713,821,227,824,531,204,109,349,777,145,
427,150,717,73,415,578,84,297,108,169,988,574,757,39,989,113,517,178,10,8,155,260,613,811,231,792,366,32,230,261,490,789,
905,944,80,680,275,718,13,977,5,887,364,192,975,681,636,602,399,796,323,955,815,364,413,492,780,427,960,850,150,180,730,
759,23,103,993,355,381,284,106,927,5,229,997

1681,4819,5298,6328,4383,9250,2172,1475,9698,2224,7905,150,4169,9265,255,9070,7561,9277,7815,1769,7547,9373,598,6965,4948,6997,1608,9717,4577,548,2601,2625,9135,8997,5442,151,4696,8276,2563,6954,6971,7131,531,9130,665,16,2189,1589,9367,4089,4978,7156,6528,6668,5210,582,9668,2069,1021,3971,9540,3569,3511,9433,620,1029,1124,6526,5499,8129,9415,8730,6935,5692,2139,9384,8102,3460,8974,873,7301,8521,8434,5336,8159,832,6978,2945,3157,6732,6333,2287,1682,1944,4125,2972,8810,8210,5710,4968,358,8448,4111,1375,8059,4626,5291,377,3657,4681,3119,6736,3356,1956,4245,2785,5952,5122,460,689,8928,6429,9018,4465,5524,3202,8072,9758,467,401,7485,3877,2567,3206,2343,7698,9424,9496,4378,8138,4656,5730,1402,8298,9298,1240,3335,6483,1360,1168,4205,3958,8686,9272,2421,3024,957,4798,5906,3238,3071,9714,5596,5080,3668,9937,4034,5020,1629,1047,8097,3539,3157,914,8739,3959,270,4055,5319,1374,2186,9864,8078,2874,3690,3843,2937,3157,6938,1886,1173,3633,1701,1580,8171,9169,5128,9772,4052,6572,3431,1820,9317,4624,4535,4541,9095,4212,5066,1928,7404,2598,1928,1059,6394,5556,443,8256,6414,2369,1605,7199,7534,5539,2184,3525,6952,8986,748,1552,1954,7740,188,983,2476,990,8061,6757,1046,2864,4666,3119,4287,790,2218,6025,6948,948,254,2683,9313,4896,846,6638,2513,4281,8361,1620,1455,7429,3330,4441,119,4058,4648,990,4664,9844,6011,2871,6745,1479,2397,7772,5391,3367,5978,3266,529,3142,4761,9648,9908,8351,9731,9807,7070,5078,4138,7440,8336,2833,7271,5825,8513,5466,1864,8131,5981,4630,5173,433,9020,794,3764,5483,3024,9113,7152,9501,3030,929,4740,3266,806,885,1407,6247,1272,8802,2936,597,8047,6242,9594,6060,410,666,5578,5766,8843,8416,6988,4546,7654,7220,688,3463,4724,4277,845,188,8565,6836,878,7367,2375,3207,4928,2443,2283,5863,3227,3642,294,8945,9348,1359,1346,7044,8113,8988,1616,5338,7121,4396,4797,6159,8606,2163,8519,6330,4084,9088,857,5643,8761,8529,5886,8197,7524,7436,9268,7453,1018,6250,9827,3116,1771,2261,3643,6405,3261,7609,4902,9415,5307,7820,5121,8344,6702,5878,4471,1445,8641,8175,9826,6802,3203,1540,8703,1795,7703,6579,9711,5692,6437,4782,6023,7345,8783,5443,4256,2087,7940,8847,2313,5119,6934,5483,6671,9396,3293,493,1198,3112,4124,2795,8469,3791,1967,4948,2913,2171,8802,8759,4526,5578,1182,1378,2580,5050,9788,8771,9825,763,7611,1383,3053,4659,6760,7357,2463,5403,4354,7252,6823,1778,2873,1419,6786,6550,767,3350,2783,3340,191,5019,4196,382,8321,9752,6205,9934,232,6644,1099,9045,6057,4730,3027,7661,6079,9019,503,5418,8948,6996,8165,7052,2017,2244,7336,1218,6777,4471,9063,5770,7667,8629,3466,6902,1502,8065,8342,7251,2543,4154,5287,5934,3613,8043,4594,6596,4946,6487,6170,9745,5242,835,5018,1990,6774,4838,143,3648,3586,5294,9228,2067,8049,9230,6706,8307,6313,6793,8342,1535,3918,4854,4068,2424,1860,8180,442,1700,3716,6307,9901,3506,9929,4721,8659,8554,3895,5577,5084,4641,4375,7876,9278,5705,9938,4091,3857,4474,8901,1635,3133,4899,1666,3085,6500,98,6208,9280,7308,2347,9198,1176,8238,244,7090,8768,6060,68,4571,695,32,5628,337,6141,2335,3592,4018,9097,8763,3301,8583,5598,7014,254,1009,8729,5490,7306,8812,1824,1949,8427,3224,1134,9435,2821,4142,7233,9872,1014,6472,3343,7927,2089,4688,691,9121,387,274,8863,4362,3845,2013,7223,9955,1613,6590,2851,770,7188,8380,5712,907,6500,3819,5280,4681,3821,3506,3849,2549,7033,6210,1064,9001,7259,7250,1522,5347,7104,8517,3589,9308,6180,5837,3700,1781,1158,2628,996,3283,7977,2097,8564,4281,624,6268,4368,1910,5850,1529,7295,9540,10,5634,5563,7640,460,7490,1084,2347,4558,2034,6414,2395,2819,7376,9552,281,4069,374,8211,6452,8068,5746,5675,5481,7901,6191,2141,3199,3096,9345,3410,1934,5395,5528,6642,7792,3528,8314,3923,9847,265,7386,5179,9144,2270,4257,2652,7704,7488,5137,2273,528,8623,7698,7697,8632,6236,259,1045,59,8917,3947,4461,213,3980,6155,3629,7004,2512,8027,151,5788,1192,4732,2210,325,8081,5486,3321,2682,1326,6051,1870,4379,6057,4370,6055,7311,4374,3045,8493,6703,4185,3626,5695,6366,120,9111,1168,4486,7259,3145,6947,9761,5458,2955,7217,5018,1919,6768,1982,3707,393,2833,9010,4921,8464,1449,6391,4669,2729,874,6540,2980,4264,6926,8185,7646,201,2901,1640,2741,1114,7123,1933,1626,2113,8690,8789,4629,4371,7608,3413,1421,9701,617,872,8850,348,6937,7308,1519,4306,8378,7332,2336,8670,9803,3222,9316,9262,7352,3419,8370,5957,9333,3125,887,471,5226,2566,3511,6707,2214,3943,6883,708,2456,6839,8834,4822,5620,1786,2675,7411,2183,8626,8068,300,55,2075,3181,3434,4253,3292,3818,6740,190,7932,4829,9237,4512,4455,1431,9690,9232,3554,7483,5340,4997,349,4549,3509,3367,9527,8213,9877,3479,9605,4657,1353,5020,6463,5373,3999,1395,2195,7101,5316,4066,4704,6881,6885,192,4582,9917,7421,4974,855,9708,677,7700,7322,2082,5649,9081,3037,9814,6559,2202,3168,8928,2779,7362,1986,1992,9181,5919,5742,1187,277,3708,1308,7048,9318,6108,4888,6308,9372,7167,3864,4450,8778,9393,8426,3275,2671,472,5444,5464,5094,5696,6349,6689,193,4028,6972,7128,337,1270,3421,6028,6895,8663,107,6808,3692,4811,6285,6011,2824,6928,258,9319,2111,8740,2639,3449,2684,1182,9604,8987,7015,4790,61,7878,917,9856,4520,6431,5832,2374,7703,3390,6222,9058,4869,3368,4124,3976,8697,7046,7447,3718,6451,4891,1503,801,3154,2791,8620,9117,8973,3160,3665,753,5983,863,98,768,6761,4855,5126,3511,6425,4859,4140,6273,474,6105,7910,2593,3089,2223,5430,1821,3118,9513,6248,5036,3753,8609,3405,3873,4928,6319,3231,7175,576,8566,2230,6769,2448,2005,762,8477,9205,7699,9916,1515,9634,5897,3317,9990,752,1479,3348,252,3539,2391,4957,5729,2783,4441,6345,6847,5254,483,7431,6169,3226,3901,2710,637,3625,4887,8927,8603,7231,9603,1135,1753,986,5812,4572,5489,6611,9938,8302,6650,4736,6046,1522,716,8852,3616,1119,2243,6135,1660,7482,4445,146,8419,8241,4909,6941,6424,7091,9742,8752,6904,7691,8598,2554,6110,7508,9101,3962,7760,3992,1641,2787,5368,4788,1619,1580,3917,619,7239,1280,8941,57,4113,8727,7971,1115,7991,2020,3533,6847,8130,2102,282,3528,4845,9235,1818,3801,7702,5915,5991,3073,3852,2889,1640,1472,5100,7568,574,2517,5996,5815,1401,6248,8655,8624,7158,1033,7814,741,5916,249,9208,6258,8182,6385,6796,7709,3443,7527,4181,9552,3915,3047,7408,392,448,9880,33,2397,1825,7397,9681,1043,5658,7671,7112,2291,6705,8130,7604,447,6315,646,7365,6238,1375,4749,5694,982,8673,2872,5356,5940,3726,5443,2359,7004,6886,7139,4566,1121,6805,4108,603,2946,9961,9195,1732,6481,4783,8008,7676,19,8902,2596,855,8898,3773,7120,9154,4714,9969,6271,6111,2139,1415,6078,3070,2839,7779,1807,6884,4577,2558,7936,7145,8542,2950,8305,2527,3053,9957,3082,9433,8459,6035,7100,4125,2241,7491,1643,2558,7384,2373,4106,4774,5101,4384,7187,7262,4006,3086,3841,4820,3386,3705,8467,8190,2337,8912,9475,888,1527,2895,2063,7787,5592,9812,3541,142,3051,4313,5609,7176,9118,6112,9110,56,1015,406,4426,3702,5033,6482,5899,3023,6089,8351,376,3396,9156,6748,7057,9866,2651,4428,1881,9541,6904,2458,9356,2701,5300,6022,4166,7784,4233,3227,5448,277,1210,4046,6467,3207,4265,2842,9086,3130,9837,8986,7644,8107,6048,7124,668,6934,1518,7695,1991,3399,2993,5533,7083,5062,9453,5507,4786,8706,1835,7562,4835,3353,5222,8128,3535,4004,6069,3434,8899,6253,561,5447,2602,389,6811,6226,795,6706,2299,715,9183,8703,8126,751,3228,556,3023,2712,9389,1798,7016,1281,8692,6611,4521,7818,208,8823,9053,8766,9916,6176,374,7816,9340,7065,1967,2249,3442,1497,8245,9161,7549,4960,1073,4672,5037,3425,253,5566,611,3301,7818,2485,3849,7888,9647,4110,4665,8464,7084,3012,7691,6744,1497,2910,7416,2681,8245,488,3615,9012,6182,8463,87,3878,2197,9594,8904,5690,9003,5508,7148,5895,5762,2279,2748,2550,8372,1348,3922,9601,8406,6203,2454,8531,4986,8999,1521,3731,114,8388,5787,8897,3706,1868,5446,6207,1339,874,9793,4974,3609,5161,5487,5956,9095,2325,4811,4535,2303,8295,2072,8714,2973,3395,8844,241,2852,2828,5792,2340,9037,9797,3894,9831,8552,5761,802,4765,4454,9426,1293,156,4034,6906,4196,2639,2541,2756,1155,4907,9996,7432,6940,4900,2724,7337,8585,5593,4550,7743,3799,9702,89,9390,9668,972,8943,8438,8799,8426,466,4572,9650,5821,9835,4533,1296,8446,7555,6491,7171,5214,3929,4687,4730,4909,8593,1161,38,2243,7923,1177,8623,1461,2073,6894,6362,8098,5095,5702,1148,6622,8685,211,4948,228,6278,1089,2633,1592,4405,5378,5867,6111,9207,351,385,2668,7322,2898,9619,686,3947,2549,8690,8637,8328,7596,9034,2278,1918,9753,3866,532,8727,231,208,9188,6918,1742,6219,9287,5083,3688,6246,4627,1482,3635,1444,7229,4521,1893,3576,6163,6424,6572,8213,187,3251,7785,3477,7390,9926,3301,1287,3982,5412,2099,2535,7099,1583,7210,8247,2493,711,844,380,5351,3745,9522,171,7093,435,2686,7644,5849,307,1456,5550,1867,3969,5165,7759,4124,3125,8714,9706,4744,4763,3138,7353,2304,64,6524,661,381,663,9633,2476,9788,6280,1924,2330,3685,2242,1766,1445,3940,7273,79,772,9495,8333,6711,6067,28,426,2778,5438,9511,9099,3170,1426,2353,4658,3006,6958,6412,1813,7700,5163,5256,4855,2170,1569,2874,6894,2988,8188,6513,3339,136,3135,6119,1472,4306,9333,3406,5278,1135,781,128,7427,256,2236,9580,535,2387,1159,1437,6515,297,6931,5901,1294,2744,4647,4543,777,558,7,7247,3382,8308,9832,1360,1556,4372,2342,4091,2699,2940,8596,2894,402,3713,7292,7764,5629,7386,6202,9903,8157,389,3241,6234,1362,1348,6107,937,431,8640,5407,725,6555,1413,4136,42,3439,8260,6885,1529,4314,7031,2203,249,7006,3357,7385,2905,1324,7789,9414,3526,1883,6170,1614,1746,8119,9001,5203,3086,5517,5567,4621,4943,871,5709,7068,6146,5819,4476,4603,4153,4383,9849,5316,2425,5320,8676,3239,8175,6192,6560,5576,3670,1860,5546,2347,8958,4412,4197,675,8840,9519,2126,8878,6952,5194,4798,2124,4337,24,5505,7456,1559,2957,5509,2918,1722,4278,7013,1520,7514,1858,1043,9270,1705,6249,7025,4240,6707,3698,2239,4599,6255,2023,933,4087,6434,5461,8628,4296,8572,2702,6651,2669,2815,7984,1789,9409,8073,8957,2661,8608,8029,1484,8521,1541,6096,8159,9832,6312,7276,2843,3800,7432,3257,7014,3939,6911,304,5329,8972,1670,4996,7058,5652,3404,6678,140,5531,3426,6979,2349,759,9822,9407,6292,1094,2428,3068,8498,1122,2503,6337,3009,2577,7594,5484,4998,1857,7685,7677,4482,5312,7565,5107,2765,7349,8657,4241,2696,5182,4,5625,5091,1872,2046,1478,7646,269,7323,7584,6209,4425,6744,406,573,5133,1002,2858,6541,373,7931,1666,2480,9378,7913,6151,4013,4157,5942,7259,9568,8424,4719,3570,5176,4982,6104,1375,2606,2293,5987,2494,8280,953,9542,6126,8658,8823,5782,2889,418,4910,4676,5365,3424,1730,8960,1388,3713,494,7920,9421,7599,292,4912,3578,5641,964,6726,2425,1223,8377,6245,8607,8923,6202,3812,8119,1746,1973,3903,4700,5259,4790,9710,8629,9009,1993,1506,8646,9762,9767,5781,8031,2513,3057,2623,1751,8629,4003,3622,1226,8015,1684,7651,3269,6363,7375,6629,8528,181,5018,2776,7412,4112,3046,9540,4490,4261,5205,8592,6137,7529,6576,7505,2589,8103,4048,5013,6002,2186,9837,4903,8862,777,3596,5488,5831,6255,198,2433,2011,8048,2380,6632,9297,6043,2387,5870,8906,6183,1763,7893,4733,791,6184,7838,6915,2848,8188,5576,8062,2200,1621,3858,9803,5273,2856,470,3910,9293,2853,8107,2339,6960,3676,4894,1748,7623,1210,5677,6631,7409,1402,7087,5246,8618,2789,9393,4531,3852,7074,7711,8540,7384,8789,4008,7296,921,7643,5667,1883,5957,2187,7717,2552,1856,7135,6827,2263,3951,3362,1456,3533,3722,4643,5539,836,8844,7341,403,8137,1051,1883,7167,5956,8240,4900,6085,2912,5288,3894,7595,1788,7104,4351,9127,9399,6646,3133,2977,9940,7706,7241,4264,5830,178,4780,1442,7487,2894,7858,4273,1766,1812,9907,5568,8481,5535,916,9241,2480,6920,8899,4213,1011,6187,9077,8167,4327,6619,7162,4535,2379,2884,9716,1524,389,2826,984,3246,2158,7662,4594,9259,2167,3216,2404,6695,6515,6314,6492,6796,5300,7033,9678,490,6992,6751,8436,3166,7629,7952,3337,2420,2449,8762,1519,3954,7747,1326,4409,7555,5832,975,6309,4624,5001,6742,7703,6799,6278,9533,9704,6337,9761,6201,7010,3492,5879,7577,9339,2406,1472,9697,3986,8693,8186,5923,5362,5317,4194,310,3629,2978,7342,7498,3394,4011,8572,3134,931,2506,5450,9070,2148,1294,8883,3628,2745,285,9608,6909,4733,3084,2702,4988,1709,1792,2052,708,5035,8664,3488,367,277,3409,1296,5347,8969,3750,1952,2260,4702,1085,7043,6620,6408,1162,7385,3180,8465,3231,4581,8858,8561,6780,1746,4400,4336,1220,3932,2820,6294,8441,4101,7902,9294,8950,2842,8088,1456,2060,1367,9979,7854,2112,2849,8650,8627,309,5907,4816,3550,9348,9389,1536,5151,1331,4724,6659,1059,3898,597,6906,2146,9955,3843,6792,4778,2027,1544,8961,9908,7373,8464,792,2667,7456,4648,6953,5472,7538,9224,7642,1805,3109,5926,4527,8158,2959,4658,4060,8652,5064,3769,3996,5187,2388,1348,1235,2668,3015,8844,5147,7607,6132,8198,8380,201,4317,2234,5160,3486,6126,7915,6470,2989,9020,9506,7745,9855,7942,5607,8056,7372,7875,5763,5183,9603,454,6931,3185,7905,8058,7162,1476,8545,9355,2915,8932,2958,5359,2963,2149,4948,8658,7699,3992,1686,1997,9612,4341,3010,1478,4723,1496,5749,2902,2591,2379,4197,1832,690,6308,3859,7058,4991,1896,3162,8424,5888,7797,5808,6009,2205,1454,2937,2787,5592,8365,8368,1591,8152,6157,6881,1343,3498,7108,4515,154,8036,5389,6648,2330,9181,2969,3567,7835,7777,2208,2491,3850,4101,3662,9853,4895,4616,1033,1930,5016,1593,7670,648,5816,5154,7895,276,4491,7083,3494,1214,2343,4360,5335,6468,3205,9076,6305,448,2373,1898,1760,8039,8521,8836,7664,6407,5478,420,8632,7541,3190,4950,3947,3044,192,4265,3618,7763,7847,9526,7635,9430,9043,8102,1938,7004,5011,4387,7177,5752,9578,8806,1148,4890,4305,1847,5920,9151,9211,7204,6849,7440,3827,3507,338,1666,1456,4093,8290,5897,4464,2989,5591,1928,172,4241,8383,2724,9161,7711,5199,5489,369,3425,6170,5131,8180,5922,6177,868,4096,8823,7532,1804,6167,7672,3249,6867,7735,1607,7147,3122,9945,9359,9108,9606,4971,658,8991,5525,4870,1334,4715,483,2959,6416,9648,3796,7104,34,2609,4791,2417,1386,3582,3213,2120,2471,8427,4548,8939,1132,1732,986,9900,2669,817,6330,7383,8600,3522,1359,5521,4734,8043,9359,8366,371,5026,1915,9682,1358,4668,3897,4140,195,1868,2007,6061,2580,1941,999,5604,4227,4934,4527,1510,6418,2027,8087,1076,504,6501,4644,8390,4151,8962,8197,1134,632,6228,8018,9800,5242,4983,9407,7185,3169,3090,7178,7610,404,4181,6607,2916,6143,4718,4351,5168,1057,6509,3360,3989,7408,7892,6839,2877,1049,1957,9864,1834,8870,2191,1011,2813,3320,4209,6892,2066,6226,7062,8696,2285,8362,9462,9048,9329,894,9351,6802,3017,173,515,1275,7643,7285,3540,9164,4118,634,7029,5161,1454,1955,7851,430,4445,7993,4029,9495,2744,3416,5841,8406,4378,9525,1973,6974,5131,5835,6490,9164,3996,4888,5815,3340,86,2786,1762,8202,2438,2450,9598,2555,609,9198,4595,613,2662,1425,3800,1485,852,4015,4489,8945,9016,4505,1971,3375,9952,9708,8141,3389,5395,5209,9101,7498,5438,9445,6218,690,3653,5516,4569,7763,6879,2708,4456,4928,3017,6,1142,1201,8480,3657,9744,9767,1432,9811,7553,4151,6882,1975,7053,9920,7261,1246,1845,5512,4065,4428,6587,7256,9844,2798,8162,2858,7594,5822,7309,4260,460,5074,8491,8127,4519,1148,131,9502,2056,230,2104,2241,9386,5751,3501,7431,9790,7425,4829,6454,3135,5441,8649,4158,4016,3823,3036,5241,2835,4714,1405,8173,8660,9281,3461,5329,2651,5314,4699,5404,6926,8509,1700,8903,6936,74,6968,6368,3701,408,4511,2012,6000,1638,840,770,4957,493,1188,7814,1039,4355,1149,3080,6993,6123,6605,3065,1030,8098,4842,8998,6071,8087,2009,3973,9779,287,740,5280,5974,9090,7010,9889,2613,4300,904,8920,1916,3766,823,73,3677,9784,6700,4793,2664,8223,488,6386,9002,3772,2710,6590,2197,429,8567,7263,1383,5091,5257,8549,9799,8040,8669,5225,1070,1787,985,304,4988,2172,5213,5873,3022,2595,6504,6049,4832,7571,1952,8464,6,4194,5197,1907,2085,6693,9018,7436,2034,9871,4077,7480,1397,55,3695,5885,6212,6508,8552,2893,9112,4714,343,5916,1630,1185,8988,1125,3829,7785,229,928,5901,7416,5600,5946,8871,948,9117,34,3768,2467,1976,3609,6452,1234,7308,2096,1062,4963,6542,8127,9149,2888,4671,5404,9481,1017,9512,5995,8168,5812,2099,2651,3419,2832,872,6116,757,2710,9178,4148,3889,985,6765,757,986,4832,8049,9371,5159,5763,5917,1915,7719,3038,8418,5398,7302,9985,7218,3901,8936,639,5990,5828,12,5291,537,4510,863,2801,3466,8250,8874,9970,7728,1040,8694,3776,6491,6132,1440,6243,2606,5485,7683,8043,8367,7126,3036,1611,3986,9888,6019,9885,723,8104,1440,7975,1601,7519,5115,6407,6079,7488,2689,3572,9496,6137,5065,6297,9310,4240,8567,6814,8204,4397,6827,5888,1182,3140,8488,6690,6739,3742,9366,1811,3862,4191,9586,9840,7041,2797,7675,1461,1675,6230,5611,3782,8951,3080,7957,8290,3932,1969,7553,1591,6090,5306,3284,1756,6890,4476,7801,4882,1761,2940,8235,3700,2682,5181,9705,6541,6069,842,5771,9101,9273,7836,2353,7176,5993,1247,9949,7862,2329,3334,3456,8602,1749,4905,3420,9435,5647,6312,442,4571,1265,2453,1712,7184,8816,3423,4606,2718,5155,2122,2696,1643,5404,1967,5617,8574,6903,56,8274,361,360,8683,4790,4561,1992,6118,1000,8568,2079,4478,928,6338,8590,4610,375,9193,3315,9354,763,3895,9865,8877,7794,407,9057,3530,7766,7247,921,1169,4857,7518,4471,3744,1426,1571,7349,3829,2071,3414,9786,8487,8322,1725,5746,225,3448,8936,4877,5414,3376,4841,457,1881,8571,4930,4462,7314,7430,2997,8238,3758,1011,9336,5266,8626,4977,2148,6976,6806,9391,306,2235,132,9587,9048,7223,2954,1563,1222,5458,9627,9112,7154,3265,5435,1850,7410,4191,5143,2492,263,8281,471,497,2254,8563,1507,1653,5167,2679,9661,5024,5032,7555,5155,1498,6254,2098,7613,9086,6034,1429,3023,4654,5168,9136,7938,2764,8403,6808,1816,9613,4314,4788,3369,172,9955,5902,5945,8607,9521,3768,4274,8655,7763,5388,4696,5716,2710,3374,6763,8824,3839,2956,5409,5596,6091,1848,3243,9027,8352,580,4342,3161,8407,410,6843,637,618,4531,3307,4572,7684,6612,2959,9049,2958,6294,3039,1160,7824,1251,1037,2836,3175,3891,2126,6151,2767,7801,3348,7668,5095,3601,9589,431,8316,763,2893,5633,8992,2643,3601,5056,3001,7851,3746,4039,2972,1018,8044,594,945,7750,6035,9331,3745,6900,8135,7493,625,4177,4507,221,7759,3406,4004,2866,8868,6201,9821,5884,3866,9062,6728,2163,2411,7064,3889,8222,6393,2660,973,5390,1515,1349,8571,8635,4587,2038,4318,2399,8178,4448,7913,9447,6287,2483,3395,3970,4825,1506,9718,6345,3369,6130,1851,7467,1936,4058,767,52,5658,2726,5798,2415,4582,5103,8337,3297,9781,236,4770,8230,3872,5766,4396,9179,9511,3736,6516,1061,4329,9736,4349,6189,1670,2627,1484,9952,9151,6071,9082,6522,4655,4509,4837,7456,6984,6062,6785,4568,5021,698,3351,4903,2284,7336,1347,5952,7325,2244,6547,4724,8849,3612,9826,4291,6380,3253,6371,5964,3256,7211,6413,4213,7086,456,201,4216,4493,6380,5189,4609,3020,1988,7863,6097,8740,1751,5331,8147,6387,7811,3273,7758,8790,1383,1729,5876,9053,974,8640,0,35,3029,7975,2190,138,4548,998,9933,4998,9422,4922,2642,294,4192,6548,4348,8940,8612,3594,6314,1059,9370,1828,7242,7312,2914,575,998,8736,3533,4084,294,5135,9266,892,798,4780,6107,1850,7565,3028,8877,6349,9289,3620,7526,4604,1753,287,1404,2388,9563,6936,5142,5206,9732,1526,9736,6709,1818,4424,7682,1200,9447,8119,7297,6863,5605,3289,6633,5482,7121,5372,5919,879,4260,5044,6173,936,9550,6661,5518,1612,2653,565,8540,6661,5329,5523,8835,6273,3521,2972,9726,2370,805,5032,9583,5342,9498,1380,3959,2930,4896,2940,7269,8711,449,3697,1408,4409,3582,5925,1448,9402,6322,8923,3039,5725,4994,5231,9387,1739,8205,7436,8823,4540,9900,4847,8898,1025,9836,1532,5592,89,7908,7076,9020,1365,1642,477,9232,4442,6204,5697,5836,7677,8492,7122,8531,3324,9156,9563,5440,8320,82,4954,3584,9583,5878,6163,4527,3662,2260,1667,6198,2330,9266,9618,4765,7482,5613,7115,4361,6925,3238,2325,6657,4719,7681,9655,3048,3585,6292,8520,3102,2200,7966,5714,4827,5614,9569,2649,2170,4394,2697,5213,7885,467,6299,4861,7354,5132,2800,1841,5072,2274,9622,9534,525,8648,5999,1361,7645,4118,8621,138,9334,9576,4351,2226,9749,3600,2955,517,8272,9596,431,3820,2840,9310,5509,7450,9233,5336,7465,419,4996,3637,5643,7000,4399,6031,8925,1063,8393,252,4572,3522,37,4332,58,3692,9198,5589,6654,6401,946,6341,4961,4775,1479,126,3605,9500,3143,1185,765,6374,2616,8902,2218,468,3774,6465,4847,8365,4005,2216,4474,6532,115,4460,7204,3094,4568,3088,3853,3775,5796,1813,9731,9956,3972,1797,1205,8486,2927,6198,8420,2156,7121,6134,5355,5629,6618,3805,9704,3055,1102,3799,7176,9821,5994,822,2677,1134,9948,4793,844,3088,8447,1491,7652,4642,3246,5059,8866,1785,6065,2515,6307,9224,8141,2022,1197,3367,8649,525,8490,3396,6136,9734,845,6640,8253,2878,1942,234,5741,4226,6472,8125,6491,4147,4913,4557,1426,8992,3267,7929,413,1105,3058,8392,6715,9426,5913,2226,6940,4813,8261,8890,6953,4793,4463,7577,140,1377,5488,7487,1842,3321,4465,4407,5581,9754,6374,7692,4493,2862,6043,107,9156,6009,2909,5903,3425,9779,8267,126,4252,2762,4884,7892,6806,7270,1608,765,9513,9973,8226,8131,937,1981,4382,464,5452,5224,8072,1233,8503,5305,8793,4635,3043,7912,2269,8595,5500,1539,7251,4695,3903,3135,8138,770,6426,3644,862,5674,1196,4212,3928,8409,6772,5524,9833,6504,267,2605,3163,7129,2990,72,5093,5278,527,6434,9692,9919,8302,200,2373,6876,1760,7740,4174,6101,3686,8262,8213,4399,216,5862,7712,728,3687,1193,7205,7748,266,7113,3124,3856,8964,9506,5014,3661,567,9416,9462,2228,7990,132,1851,4824,7229,7825,8446,3232,4196,4756,8352,2693,4237,1660,2481,6921,1840,4594,1185,5965,1160,2970,6399,8175,8342,8972,4045,4885,9452,3233,4532,4191,491,1630,327,4311,1478,2075,9768,5541,7071,1296,4660,3893,2856,8285,7115,9943,6941,9751,1872,8797,9633,4273,9517,7322,8272,2912,9511,2157,9048,713,6366,9526,3920,264,3401,9530,2443,1811,3189,1920,9473,8081,8843,7951,6843,9492,4762,4743,4142,253,9625,4342,5773,6050,967,9225,8329,8963,4160,1949,3487,8786,2596,3735,7864,9379,4974,6256,5686,7208,3237,8289,8455,9727,3227,4871,9918,705,3998,601,359,3477,142,2224,3537,3353,8893,5945,3119,2328,2039,3522,3819,4795,3043,9173,1959,9060,5645,7675,1352,8040,1407,8813,8216,7946,1411,9340,4114,1882,2151,6195,1220,7419,1520,4921,5323,4381,1710,7982,7076,8218,8613,9905,4825,2378,3502,461,7023,3426,4298,1757,3148,5484,5928,371,213,1870,5307,690,2783,3199,3429,4050,9105,1893,7015,4279,4623,5236,3684,9842,7620,1411,1848,1119,1126,8306,7901,6389,2469,5254,7419,7336,4012,7623,8349,9142,8881,2732,2511,2441,4512,7919,9247,9284,8109,5379,819,8890,2554,3939,7131,2667,2981,9187,1354,8514,6748,4259,7513,7358,3864,472,242,1328,5633,1180,2298,3072,795,1154,2801,7841,8160,6175,10,3985,1410,9075,7415,4609,9581,9904,3784,1125,9705,8041,1660,4648,8679,7327,5101,1983,3506,3255,6279,7672,5371,698,6465,1673,9955,5761,8269,994,973,2736,8640,1521,9355,1673,2670,5506,6141,1556,9,2015,4393,3194,6982,6914,4609,5740,5640,8055,687,7774,9557,878,4307,6171,7965,6078,3844,8143,8000,859,8132,9240,8868,4226,2388,5945,5118,8673,2181,5872,6153,2496,6619,8480,4991,6370,3756,2217,4376,4581,2679,5112,4251,2230,8133,9843,8881,8246,1828,6799,7960,2234,9902,7638,6411,4215,9148,4412,2211,9562,255,8587,6783,1742,4375,482,7077,1956,5369,9141,7385,3732,9983,6124,8658,5476,858,5899,6963,1931,7011,7026,4671,17,2110,1620,7087,5293,9030,3894,276,3331,8121,5096,6708,7912,5169,8835,1658,788,882,3297,3787,2296,8000,7922,8540,4041,1319,4035,4036,9780,2867,1605,1152,5095,4062,5952,7115,8610,1801,6168,4504,4218,5961,4594,1329,6563,9817,6121,2033,3383,3702,9787,8995,9253,1125,7189,4131,920,9966,3219,377,4925,9428,7505,9632,8421,5808,3488,2822,1852,5663,2497,5284,6082,1963,646,7397,1001,1051,3782,6088,4721,7844,6868,9998,151,491,5378,9907,4641,1193,4781,1343,4950,5928,5209,8943,5808,8,2591,7172,2380,7899,5168,3953,6028,2414,7829,4720,3483,3977,8849,1666,8082,2553,8616,2994,3350,9179,7604,9400,8703,7980,3228,2766,3553,435,2998,3273,9372,7069,7736,9259,8798,3998,929,8169,1197,2594,9633,8848,493,7622,3517,8632,9410,3255,574,5151,5766,2830,4848,1711,2999,8990,2990,5802,9236,3390,2571,8034,5980,2209,9057,6900,658,2388,5223,3301,7630,4952,1483,3588,8958,642,6243,8542,5385,4832,5408,7286,1064,5374,9132,2886,5806,8523,187,571,435,8094,7367,8013,2602,9247,496,2070,8156,435,2507,7891,6771,8690,5288,3377,6344,1770,7447,8010,3704,9624,9690,3007,2004,1969,6012,9730,3730,5227,1967,3154,8501,8243,4783,7549,1661,2218,5604,9921,9723,9761,235,2684,4310,1144,3143,79,3334,5190,3521,8275,146,1751,6648,3244,261,8734,8976,5416,1390,5899,1780,7900,3881,106,339,9157,4259,9884,5121,483,454,3573,1513,8285,3848,3863,8782,2783,2574,7438,980,5765,905,498,3209,5383,9126,9087,8118,6555,4400,8201,4995,6454,7755,481,9456,8266,1886,3131,7927,3873,2976,4963,7516,6324,6294,2913,7194,1607,4894,5557,7003,8536,2568,8312,4622,324,8052,9964,4187,1372,7937,3766,5126,8827,5462,6530,9117,1420,1815,9656,6188,3316,6745,1834,7201,6982,5759,5362,8788,3301,8738,9143,1383,2875,9737,481,601,36,8112,3605,2063,7735,7271,5109,5574,6481,9750,7247,4420,7655,5842,3247,1697,7680,982,1258,2221,3564,2016,8009,2374,2452,3168,3737,6088,1002,7571,2687,6219,7965,1750,5045,9718,6373,2476,7773,6523,5984,5159,1181,2688,1084,116,3400,6425,8094,3344,7369,5778,409,4721,9380,2319,6340,4275,7692,6193,4936,152,446,4503,3871,1502,9642,185,8388,1949,8266,8754,247,4596,6226,1068,9906,4643,4129,6289,2673,119,7639,4737,6546,9333,9146,4732,4156,8103,5421,198,2737,8262,4331,6743,2018,8177,9570,4482,3604,3707,8679,6237,9720,6005,9743,2291,5530,2688,3289,1881,7315,4330,6149,9547,3044,7569,6141,1216,5676,4177,1259,5954,329,2304,477,7467,6867,8007,6749,1477,1366,4144,6553,2370,1525,5945,2090,6570,6353,8091,3446,6311,5717,4816,9628,2470,2738,3803,4062,9005,7212,5472,1410,6157,3112,2450,1831,5567,2172,3964,9242,5096,1891,5638,2471,5549,6598,9578,5429,3149,7661,7984,641,4333,2088,5644,569,4979,6605,3280,2491,8176,3905,7769,1914,5434,4925,8153,8653,4307,3557,161,6378,941,2105,1775,5770,2874,4810,11,721,4698,6597,2617,5948,9072,849,4105,9957,76,6718,4660,602,3438,2845,9024,2726,609,8718,5766,3753,9200,7592,975,4258,1532,4632,5950,7834,1503,6866,3192,3497,50,5865,281,4757,6193,5540,5641,3673,868,4019,267,1056,1035,120,1751,6073,3912,5394,7830,7981,675,2723,6369,7218,4280,1680,4631,8489,6046,5248,6258,6038,1522,6555,6373,1378,9404,5550,6536,4703,1191,5974,7362,3107,8151,4703,3272,8385,7222,4172,276,1670,2447,7349,4900,7341,5341,577,7570,4966,8689,2432,542,1761,4388,1803,4965,628,630,1264,4713,2631,1574,870,7042,8865,5046,2685,8125,810,531,3613,3162,8351,6004,1668,1915,9480,5940,6415,3737,9335,7166,6979,1111,6021,9154,4954,2916,9675,8850,3779,8579,5378,1017,8369,8136,740,1558,4732,8640,7160,7421,7204,8702,3053,7714,4193,7685,2917,5212,5016,7615,2908,5285,3764,299,2594,1725,4931,7019,8927,4147,5821,2141,2291,6151,1462,6629,7802,5424,7268,4008,6515,6505,7585,1837,6187,4738,7372,4106,6101,6429,1350,6437,2460,3850,4328,5027,4278,1574,5331,9642,2558,136,5847,2074,3636,6853,3641,1425,787,6677,9191,8215,6677,6642,163,6626,3025,4584,8062,5056,2115,417,7803,7879,9904,4913,4464,3822,408,8959,224,1846,5874,1858,3258,4788,7536,5027,8577,999,5199,8554,8852,7404,9997,9830,529,8671,1061,507,7671,4906,5733,5318,4311,8160,4341,1827,2749,2471,4390,7297,1788,9965,913,7520,8043,9864,4987,7022,8701,2258,5487,6010,4652,1874,6221,9212,6002,952,2980,1645,7071,4873,3457,9126,1351,6151,6097,5299,2728,4500,8680,4178,6946,7508,9693,4513,7069,1027,735,3380,432,8616,2763,5015,7370,5886,2185,2225,2581,6802,1610,9686,3204,4664,2006,5256,3854,4845,6086,2898,2662,6787,5905,6338,3441,6005,6956,3003,2233,4376,1100,7231,6139,3106,3624,934,9241,2369,1569,9128,1098,5626,2223,4503,2686,790,1568,7340,8070,4730,8736,8104,9722,4224,9584,8667,9434,8328,192,4530,671,68,7713,3006,38,5903,249,7712,2530,132,6059,3529,3431,5613,322,2624,5581,4794,2483,4533,5416,1860,1661,895,506,1101,9955,3995,4370,2654,3143,9941,2515,7734,5748,1182,2034,875,677,4774,2864,6386,6866,5290,2344,3649,9976,8595,3739,399,1899,4540,373,8316,2172,6208,1886,2855,9754,2506,8285,8311,5554,7146,7188,1828,163,2687,2112,9316,5808,5306,6175,2975,5279,3005,1899,9004,7846,6939,1943,3655,8131,2024,3620,5572,4348,1834,3000,4133,8261,5259,438,1740,2187,71,9492,2906,4220,6330,83,7490,6843,1794,7750,4818,6172,6440,4634,847,664,8466,7544,2300,2698,7454,7239,3694,5090,3829,9198,5240,5918,7181,7924,6082,1868,3712,819,4153,6202,7734,2593,4610,3719,1498,1942,6878,7220,8290,5137,9651,1541,4569,4384,328,3902,8150,3433,408,4039,7715,6358,253,924,6776,7651,6824,4258,9585,9895,2330,5444,3983,6095,8104,3690,9451,4515,3966,4358,7284,2837,2787,2353,174,6793,4096,2334,2728,9739,3801,3592,1491,7018,490,6831,1746,498,9862,6653,3948,1460,2760,7245,8427,1667,9314,6552,1003,1950,4449,1617,8360,3212,126,3393,6300,3774,9692,1825,2382,211,6890,7192,570,5549,4417,514,5942,9224,5863,4665,3431,6020,9266,4991,6681,8083,7702,7678,9536,5085,4792,2538,2791,3814,757,4476,7372,3961,4373,2169,1905,4788,9977,9991,8574,9501,6906,4931,6201,4931,9527,5675,8233,7589,3622,9525,8440,798,5345,4826,2735,1728,5607,3006,3077,5894,106,9421,446,9227,1110,6725,7849,1980,662,8446,4032,9747,7586,4240,2895,6859,4195,6637,6986,9160,5826,6724,7537,303,7756,8692,5859,9769,7179,2497,5259,2968,6852,8892,4319,3354,7350,1320,6409,1115,510,5225,8036,4506,743,3048,5660,9558,5863,897,5570,2945,1731,8615,569,300,9827,3836,783,6999,7959,6629,943,9671,753,8949,4721,1457,4106,4312,3112,5653,74,8830,1106,3857,6896,7463,3523,9860,187,6067,5892,7179,8045,8170,3706,6494,9649,1808,6376,1073,2319,2612,6847,6276,4199,4674,8362,7553,8621,8132,375,3503,7663,6214,9391,6260,4758,7329,1642,7897,5113,1366,436,5378,9820,6666,6774,4799,4520,2308,927,3873,5763,2298,5916,2219,5885,9151,1588,1562,845,4784,6030,3602,4098,3997,8697,3121,8677,4455,3774,645,321,2927,5485,905,8646,3356,3715,5292,7979,8249,2382,6349,3781,5558,2780,3982,622,2427,4790,5236,6982,1708,5681,8481,9853,710,2334,2828,8155,1137,1589,6919,2448,103,5119,6069,6098,12,8140,434,5095,0,7875,1086,5352,2076,2636,6937,7410,1321,9795,2717,4030,8795,5566,8872,2563,3754,4469,4335,9184,2207,9388,2488,7411,9144,8734,2286,3080,7980,8318,240,5266,6065,8421,2504,5532,694,4788,8099,3170,6713,4174,9862,7757,6875,9030,2583,6073,5030,9893,1447,6812,6817,6415,2459,8591,5685,821,4514,8223,2095,6420,8155,6363,2621,6286,5342,8461,615,1472,2472,794,9336,7802,2321,2335,7782,8935,1804,3973,5704,6238,8120,3975,2503,8884,6561,9948,139,5186,4854,7004,5311,6683,6904,4559,8912,3623,7539,7362,6697,2740,2973,9627,2339,7168,757,1055,2154,5074,414,944,1639,5780,6619,912,541,3930,2307,3285,5832,582,4184,1542,8114,2981,7714,8148,1056,6331,9914,4448,3476,5796,6929,772,2514,5660,9759,829,4010,5197,4110,5959,194,1653,8831,5070,8133,209,157,2295,9273,9030,3467,3044,1819,4855,985,2172,4436,3818,1210,6277,6540,7762,8825,3964,2733,98,1474,1471,2589,1378,3399,572,9319,821,4088,9433,4582,8018,8775,2489,6341,3253,7461,350,7816,794,2816,3382,843,5721,6506,9053,5175,1972,7424,4789,3108,82,77,9305,5068,8707,7096,3667,9825,9780,6323,4906,8296,4931,2892,9624,7445,8125,3441,3840,4462,2625,3019,1584,8422,7313,1797,4855,6228,8864,3813,7921,3908,6017,9274,3202,5897,4520,8582,1892,2379,9845,8360,5272,91,4532,4956,6204,9340,5530,6296,2259,744,1638,8080,2409,326,5753,6335,2549,3153,9695,4187,2885,5856,1199,1953,5568,6192,1883,2524,9923,7899,5768,6551,6476,8825,1831,6706,5036,9002,5004,7662,632,3532,8349,9765,4988,8595,2733,5216,3592,1174,1540,1947,7276,1518,7483,5648,1986,6790,1985,8947,4362,6999,8075,6595,1779,6007,9581,4881,562,8676,5772,4163,3984,6831,7928,2112,6777,6835,5302,3597,8913,2520,3034,9944,3872,7314,1708,1973,8095,2345,4039,6721,5576,1254,1216,4071,7064,1992,1167,2351,8208,9141,9323,7447,4252,7723,61,2394,6137,2267,3584,2101,7958,6770,5485,7738,3528,243,2822,8199,3948,8693,9579,6166,2584,5419,7875,9323,5834,349,9144,5862,8821,3268,7565,206,9882,3599,7266,1674,5004,3987,982,1168,3758,5309,7840,8107,7424,583,3951,6367,3454,6347,3795,2482,3570,5842,9129,9748,1310,5464,7078,1547,4112,3278,9413,1845,1764,186,1693,5921,26,8081,4151,1397,3296,1781,2431,3786,3564,4829,4480,2228,2784,4481,9574,6287,9251,3501,1631,8883,9122,9464,4617,5766,6159,4014,4772,8379,5561,801,8471,4199,7349,2507,9944,8457,7471,1298,9783,1121,3912,8012,9169,8924,6840,5644,8730,2265,7533,64,5773,5769,6977,3470,9861,5082,5838,5483,1355,2426,9279,1215,2110,8154,9265,9830,8350,9184,571,9105,6065,3010,2957,4100,8980,9191,7033,595,4137,2396,3811,7057,9795,7110,9474,2178,4047,2481,8604,3909,4804,1330,435,5907,1222,9539,2873,9143,4094,2759,2083,6980,8639,8703,3082,5137,264,3523,8239,203,2841,3289,2924,3899,2290,5266,8184,3505,7080,8954,3531,6023,5900,4067,3166,2214,8295,2402,5724,6902,7795,9482,474,2001,4104,4617,352,5596,7274,3586,8004,5889,1407,2336,3170,8260,1684,7268,2012,3155,5919,8059,7461,7362,1522,9100,8734,1980,5353,3156,7271,6828,1382,575,896,9139,3708,1810,8222,2777,5322,6996,17,438,3041,5681,983,746,3081,1694,5793,2520,9618,2137,469,5888,6601,7164,3611,9082,808,4422,1604,9201,4286,9323,2520,6067,4400,3670,6037,3841,3268,7239,7491,6759,3085,2135,5368,9698,7254,2710,5122,3362,4963,8172,1131,7298,3058,1741,1396,3690,2811,7173,6503,9266,1277,7347,6946,3588,5030,2733,6021,2324,6230,1685,70,8637,9701,3569,3731,8468,84,7832,8048,896,9927,7865,8050,9597,6456,837,7559,9823,1483,5387,1008,3316,7089,2518,9443,4438,9170,6395,8564,4834,3403,6031,2450,142,1108,1463,5880,4245,6836,5885,6654,8994,546,257,9672,703,6749,1388,8881,67,179,1759,7344,2667,6125,7140,666,2276,6469,3474,8265,8262,7809,8175,6081,156,208,78,6272,9053,5922,1916,5208,1577,2773,710,9644,4005,5957,2556,8514,6420,436,3757,5385,7841,4120,3192,1628,121,3551,2900,4629,1722,9126,5401,5414,6594,8053,3818,9358,5318,7811,9345,5004,1357,2249,9310,3986,804,5155,4921,9256,7929,3370,8762,4267,6569,2357,2755,5887,245,8321,5853,9766,6432,4582,1273,4018,3415,265,9162,8453,8102,866,1138,955,5406,9205,5760,7490,8670,1935,1852,6703,2941,8675,3590,232,341,594,8251,9833,234,4893,7966,3900,6655,698,8930,5683,833,1293,8550,2671,7822,8799,7115,6533,5057,141,7717,2894,4899,4255,9878,4849,6874,7666,1235,302,7780,8348,6351,129,794,2924,6843,863,2084,8188,6532,937,3392,1733,6514,3067,3698,7177,2500,2423,1736,9465,1077,6914,5055,7698,9026,6721,2729,7253,7999,1935,8352,1992,4902,5163,2988,7119,9723,4463,3807,3038,3894,3737,6366,7909,5994,7444,5300,6561,9933,4984,1183,5761,4525,9957,1083,8111,7476,8515,411,8424,8826,3977,6580,1946,1280,8636,4796,3282,7940,8498,1150,2820,2035,2474,399,7908,7708,564,4873,9886,1099,305,3952,6055,7905,9866,6107,4090,6535,4967,4060,5647,9763,155,4558,4755,2468,9763,4328,9706,2271,1488,7454,9774,7421,6037,5273,1131,6726,3080,2923,12,248,153,4182,3197,589,359,1597,6258,6922,5577,6347,1062,7988,7563,1727,1987,5291,5419,4762,8577,1028,144,9589,7152,1675,7948,7968,2575,7468,862,7389,6855,8117,4067,4755,9256,5192,4424,774,2664,6300,9233,1006,4164,5661,3146,7185,2100,3234,5772,2139,584,7367,3755,1336,2473,2834,1218,6965,4140,7939,2493,8374,7352,1603,7056,6505,6776,2818,5200,7774,4407,3374,6975,7850,7510,4908,6987,6362,2688,4111,1211,4341,2385,739,1265,7501,8508,3921,1922,3717,2645,2874,770,9019,4440,9234,1867,5554,5563,4924,6704,6147,5856,987,2732,5582,2590,7939,5909,9258,1431,718,397,9456,7692,9217,4946,6181,596,7365,6242,9398,6736,952,4391,6345,3411,9459,2576,5781,6950,8783,1997,7560,1807,7112,6803,895,8343,886,5754,9014,6393,7452,2774,6734,3797,4376,1119,3053,9881,4826,3691,7134,2870,5468,7630,7364,9425,5047,8056,7586,8513,5047,8554,3460,7471,562,2323,4872,5527,1224,6405,3486,8203,6493,5558,4702,1364,6229,6615,9306,9213,3395,9571,5551,2573,128,8388,8221,8259,2220,4740,0,5643,7165,7660,9445,1584,9783,2245,4269,6350,3540,6680,2548,1863,2786,3823,7754,4554,1939,6254,748,3171,9327,9340,5043,5590,6903,3157,5420,4889,538,1043,9546,1809,9557,8843,5533,4719,4911,4958,5791,8975,4205,1647,2747,1843,1922,276,6895,2282,1858,9030,8932,4479,11,5972,3685,5847,7300,5779,8679,2324,6146,3011,9523,5421,5394,5716,2170,3597,5699,6848,979,5674,3536,3185,3503,9620,2104,9305,7307,5465,4785,4495,7872,7011,8319,1002,1594,5624,7169,9221,4265,6266,6832,386,3615,4924,4083,8907,9285,5268,5721,3118,3629,1030,3564,2792,4135,7536,457,7274,6453,8904,5152,3338,5365,1082,1945,5053,3091,2643,5223,773,9313,1183,6565,2933,9982,3866,1476,272,469,691,3282,1512,1660,2859,3982,4611,1460,9939,2736,526,9651,4050,9073,4433,9555,704,7260,6975,7645,9787,0,5139,8865,5227,9027,8664,5390,5885,8212,4099,5692,1186,8230,1682,8658,6281,4586,7602,8409,4461,4721,2883,827,1940,1076,9118,4503,6140,1229,259,1427,1353,9993,1953,1448,6233,8060,8326,7909,8885,331,9840,143,9288,8368,2473,953,1041,4424,7863,3282,1939,7007,1169,1619,3018,5169,1186,5375,6780,865,3719,7996,2136,2295,4375,4729,8959,2055,7279,3346,2567,6239,1266,8815,5022,7529,4678,5750,7869,912,9375,8213,5057,51,2719,532,8587,9737,8078,8159,2791,1069,2831,8126,9560,1455,8960,9115,8988,2773,4451,7161,8529,7186,7699,6049,6328,9725,314,1046,6960,1264,3673,6262,7084,3580,1684,9709,1996,7741,4603,6613,5146,4111,1959,3885,554,5256,1145,5641,8421,3046,5375,55,5819,4290,3438,477,5428,3305,1996,2247,9085,9776,1872,5106,5046,3359,5352,735,5049,9554,7618,1900,5982,8230,5604,2917,6965,1647,6671,1089,4374,9898,5165,8410,2801,2667,5920,9072,8792,4320,7063,464,7487,672,2919,7946,4917,6268,2882,7951,7614,4477,622,1675,5275,539,1907,510,1707,2012,1678,5834,514,9420,9939,9489,3607,3548,7077,8658,7755,2218,2010,3760,9378,301,9740,1729,7543,8775,2721,9372,9924,580,4811,7750,5485,5142,1340,1873,3300,4809,583,6266,433,6310,3961,2051,9910,6908,4032,1299,7234,7824,511,6205,853,9312,7847,2679,8000,629,7080,8178,5607,6316,9336,8289,2279,2079,530,5300,3031,8405,4670,3553,1544,4997,3386,4764,730,227,7141,1173,3092,7094,7169,9211,1046,9939,1845,4048,4317,8995,6624,5303,3630,6881,2222,8725,1729,2097,3587,880,6957,8301,4587,3041,338,728,2637,1028,6357,5178,6216,8924,7623,8802,7481,522,7364,166,1101,5601,269,9125,4918,3805,3553,8917,6305,7748,8617,663,206,2986,9480,2393,2241,6768,6660,1355,5037,5720,6277,7660,7969,3968,1562,3649,3097,5309,2718,5339,597,5324,6701,1833,4170,2325,5817,406,4087,7028,2851,2267,9055,1107,1292,3583,3143,8468,2574,7067,2025,8380,854,174,1692,1440,2579,4600,6184,9813,1062,5832,2605,5153,3714,1333,7734,7699,6213,4699,4666,4820,643,9639,4980,3748,9823,4517,4455,1047,6850,1383,8283,4791,9586,441,933,9734,7232,7370,3433,8154,9821,898,2362,3711,485,7351,8350,945,6402,3623,1567,467,3759,8751,69,1841,4866,5613,2901,6856,2190,7695,7601,3203,6970,466,1753,9018,8930,8298,3158,1630,4431,286,8832,8672,6824,2145,8524,9933,8795,8267,4912,7748,9354,130,6549,3750,949,4952,8402,5880,107,7676,6179,1500,7082,6198,6376,758,6738,6829,8148,7730,3965,5405,9819,3711,2868,250,5303,4613,938,1635,2851,1995,7173,1675,361,1521,6139,4619,8434,8518,7048,252,168,9494,8525,412,8904,6100,4996,9241,1434,1203,5441,760,4804,7481,3612,5699,9266,181,2770,8076,8126,7784,2750,667,3235,9145,6748,5795,6863,6008,9899,4560,2144,4972,1024,17,5338,2069,1454,6061,8578,3251,8507,8353,3085,6000,671,7185,8415,1852,7461,2844,7623,9819,5448,5260,8512,1118,8571,7302,5732,9,3876,694,7528,4775,1442,8635,382,7251,7099,6305,4635,7153,1254,3231,7106,2502,4716,7567,5087,4245,2280,6327,7519,7117,2674,9782,7023,8203,8282,6438,4891,7895,540,7358,3231,7258,4086,6104,2944,5282,6018,8713,5330,8480,6777,9065,7106,9742,6105,7302,7003,1596,903,7104,8238,4956,8115,4805,377,9359,9439,1450,7609,7352,7482,9450,7205,7246,9854,7326,8986,7199,5883,1246,9438,3150,4343,3608,9264,488,1602,4300,2360,8645,4359,6990,1387,8013,1774,1891,6831,2827,6129,8950,3620,6388,2565,9004,8058,7806,2583,1035,1911,6657,627,6468,1512,8415,9482,3395,5420,3046,428,5086,3177,6228,6251,2456,8954,7368,2130,8973,3862,5339,7259,7733,5096,1640,9672,5833,9197,2539,9793,3029,2797,3805,7241,439,9408,6822,8042,5727,3294,9671,7726,145,8335,7125,9288,4618,3456,6624,120,3133,2860,1291,6092,2535,9858,5241,7324,4785,9392,7337,9073,2341,368,3245,4061,7742,5930,6057,5795,9551,9018,5548,1821,3876,1741,5880,2488,5769,1246,1393,9013,5740,9978,4941,8588,4999,8725,6850,8107,1443,860,469,2532,6779,6287,295,2457,3679,8939,9491,416,2807,870,2597,5103,7449,2916,565,1631,7341,7194,7492,821,5075,6200,3948,5728,3184,1921,3187,1430,5981,5108,1104,9227,3844,6400,8747,4407,1709,786,7071,2961,985,966,5838,4730,7882,5108,8507,6984,5789,3697,3474,8789,9099,3690,4976,2652,5314,7233,3875,4307,7850,566,8889,81,4875,1018,7825,3724,2665,2446,4411,170,7437,1915,932,552,7365,2451,8601,3464,5535,7460,8092,1382,9858,1922,3605,4722,7684,4119,8639,4779,8351,3684,778,8241,2763,9716,2833,242,6645,3070,6288,2704,3535,286,9218,8839,7285,79,9048,9956,3871,2379,7228,5666,6239,1210,4709,6981,1641,665,1489,6331,521,7237,6527,7026,3252,3482,4285,6929,7001,4592,1368,7856,6824,1876,3687,6049,8273,8588,6272,6293,8509,4915,6120,6504,1209,4712,3993,2530,5815,1254,7994,8825,8575,4827,3051,7917,6477,2355,3173,521,6507,2491,5877,4450,7708,8729,1981,7622,5174,6189,6716,931,8402,8256,9691,7032,9603,3696,3462,5191,4311,1397,412,8071,9645,3315,838,1668,5984,6167,7213,7138,7289,3530,7020,3909,7824,9179,9853,9127,2854,9431,3516,5764,3130,9552,2545,1018,5927,2886,9625,6598,9417,5731,1300,7054,3401,7112,1241,8989,4674,2883,9413,9610,2464,523,36,9748,740,3520,9112,593,7173,6649,7451,5845,2365,6115,2821,7923,6071,176,2970,7332,9148,1077,2973,7527,6576,4706,44,83,8254,5691,1140,117,3779,8922,7767,3562,3569,4480,8551,7628,4673,3673,7124,950,1030,1514,4654,2292,2534,4413,7354,4418,492,96,49,5161,837,6126,346,7109,2806,9663,3029,2630,6777,5940,8495,9554,2321,4468,4161,9317,8641,2423,7779,1965,7384,7527,4150,6139,4487,2306,5413,3490,3300,3328,4832,9502,3021,711,5760,9161,3953,3251,6405,3663,6298,6951,7306,1573,9439,4821,2356,4547,8375,3685,8526,2851,1031,5256,8978,7914,9872,2104,1599,6117,8382,9872,5955,1932,8842,5079,7182,9083,3235,8627,9906,8252,2803,7178,6149,1986,5736,9455,6220,5786,1668,601,96,850,9684,603,9306,2179,5557,2148,3058,9801,2831,5831,1260,9749,6742,6525,8324,7781,1076,8713,6256,4851,5895,3925,8202,7126,7354,5125,9840,4620,8444,1883,8138,8602,7422,1635,7361,8780,428,1130,7092,5859,8104,3729,1338,8832,6765,4836,7264,7132,6379,2922,8764,2159,696,5590,1433,7072,4150,7141,6870,5754,9426,3951,8342,9588,9241,6954,3484,371,3769,9621,3593,726,1974,7373,659,4737,7436,989,3234,8283,7043,1418,6347,8344,4906,4811,1262,1836,5821,3664,7984,3991,4507,5579,2798,2389,5413,6797,1512,4836,9368,9517,6822,5947,9677,841,1679,5564,7828,7786,4843,811,3136,6721,3480,8812,6507,2316,6994,5967,9673,8587,8903,6982,690,386,681,5247,8467,1071,1696,4468,652,5398,5236,9005,201,2218,8510,798,2807,9331,2262,8903,4200,6905,5637,3339,6398,3864,3507,5076,4850,2040,5557,346,6812,2630,803,2375,1640,611,3980,8408,6430,5329,9064,4854,7417,6827,3150,3802,5556,563,8909,3946,1616,1253,3826,8323,1478,7752,4862,6308,4524,3933,5255,6448,4877,3297,6434,2511,7,5786,7008,7719,8975,6635,8863,9225,2454,6655,4517,7273,8555,1817,6523,7970,6289,2649,5949,519,43,3480,9600,7740,955,4712,8064,3292,6677,784,9690,4233,4020,6683,9388,389,8739,3047,8953,709,1895,4471,409,8189,2721,3810,8467,5583,3137,7209,5420,9679,2247,2973,1562,5117,2480,73,510,4518,1776,8939,9257,7073,273,7642,5500,8524,4631,4795,4078,4265,4448,6133,4332,9969,1456,4989,4851,2352,8109,8133,2102,5515,2513,1698,7265,7777,5995,2446,9604,8499,4337,5444,9559,5513,4929,9825,8159,1407,6846,7630,7010,3185,305,1835,3212,6403,7387,2172,4900,3510,3923,175,1258,4861,4949,6517,1500,3678,5327,7361,7382,2709,6401,2090,1879,6992,3672,3585,1939,4351,1443,474,442,3857,2968,6235,4086,6443,8155,1819,3333,3229,8844,4470,9894,3816,8976,9523,2146,5049,8038,9488,2298,5447,7919,4659,35,1085,5592,4988,7059,9623,6503,6606,3321,8412,7198,2786,9218,6231,558,7693,4066,6522,2215,5512,329,660,9191,3754,6485,1957,9300,5050,2476,9329,3543,4785,8691,3539,6225,2351,6314,3343,8828,6106,9817,5509,9521,9686,5835,7435,3539,3857,2799,711,671,1077,3417,9153,4365,3922,4755,4995,3207,7666,3342,7570,4627,7163,2075,380,7474,5223,9702,8606,4258,8518,489,8697,5217,7892,373,4403,6516,6338,8369,9887,7778,454,6505,7914,4976,8351,1562,4311,1656,7765,1234,9034,8093,6829,3817,5259,4063,8298,3543,1708,1294,4744,9855,717,2767,212,5479,8576,7521,2394,207,7356,3634,9187,7115,5309,2650,4212,7370,9911,2607,5702,8550,1024,6125,1456,6927,6875,9540,3283,5842,9951,1570,2775,8509,8474,7539,5630,9165,6621,8600,3262,9897,3385,8832,6415,1056,5955,1551,9048,3045,2477,2020,9150,4292,6907,1931,6561,7771,6484,1519,7294,4988,5943,3650,3229,6574,5188,5269,8139,5533,9218,6673,3509,3399,7387,9731,6859,1339,9352,329,9083,8665,1955,134,1540,5184,1487,379,9063,4610,363,8359,3273,3629,2050,6393,9715,4524,8096,550,2739,2178,1572,166,8145,5460,6413,9999,6339,6141,1449,5133,8466,9473,9417,8711,144,3235,2310,7675,716,8868,9185,7255,8944,7876,2906,1940,7438,7207,9138,105,7600,3756,6016,2040,7162,3171,8777,8196,8293,7211,5130,5846,6715,9147,169,8288,3218,5687,3474,4994,3652,397,4261,7590,6979,1908,8547,286,5483,9899,1102,9844,4648,2505,2591,5405,2980,5901,6489,5448,6102,5102,2795,6496,5172,1637,8113,8173,6787,3937,5488,2191,6481,2453,6840,5360,4641,2444,2400,772,8951,9783,2220,2069,6415,559,1457,2839,4341,8939,154,9970,4460,6169,6410,3472,3056,6628,1452,6478,2029,4188,789,5569,8297,4581,233,7997,410,4258,1837,161,1163,8203,8700,3420,7028,5392,5128,3494,329,9262,7134,2513,7775,2135,9754,8684,9666,770,9418,8939,4210,4031,6930,7336,8297,939,2577,9412,8906,7110,5397,9756,3844,5006,2494,2325,3623,9600,9287,8049,9177,6834,3391,3768,6966,2133,1660,350,2494,8034,3351,9225,6647,2680,2155,2438,867,8997,5471,773,4919,5314,1004,8936,8328,9507,6079,3217,306,5778,6857,7724,582,1165,4924,6404,2361,7032,225,527,1817,7994,7741,3074,6202,8446,100,5713,8864,434,7119,3687,3512,576,5251,6743,5190,1909,9928,4440,27,3810,1521,9657,1300,6326,9619,5395,3602,1923,3763,6043,1247,2718,3814,8854,2996,7340,629,8707,7282,5759,4771,2146,833,9776,5503,7133,3249,6004,4916,4179,5832,4405,8503,1447,7843,4370,236,6360,3942,1300,583,8974,1796,8539,9685,6879,4889,9636,8331,6098,6854,1548,2170,5279,1897,1345,8893,9950,383,6253,5953,4932,8727,8983,5560,9415,9864,1471,6683,1028,195,7518,5055,5354,912,4472,2734,1221,2568,5915,493,2577,8241,5303,5773,510,9800,2338,1060,7485,2,1454,2317,5521,5017,3780,6138,2035,9870,8452,691,8374,7819,892,3344,5315,2459,4415,9522,8105,9912,601,6587,1979,3,3524,7019,3586,1853,7497,7623,1694,232,7587,2279,2533,4299,909,4639,7301,3287,6321,4551,6770,791,709,5725,2224,140,4761,6748,3756,9832,1284,605,1651,7881,3130,4489,5661,1338,6945,5598,8351,8998,6418,9140,3522,1428,5482,6395,8381,8515,3642,3195,1519,2217,839,3179,5435,6983,3645,5792,6047,8799,9460,3146,983,547,56,4513,4582,2872,9921,619,1592,1816,6210,6849,9046,4538,8190,8907,9079,7889,7152,6121,9444,4297,8995,9038,2267,4826,6964,1318,9793,2086,580,6953,7920,1758,143,1584,7467,593,5767,7976,2628,2119,8578,4722,7329,2551,5433,7466,1531,9539,8391,1776,831,7823,4017,1637,2424,9740,9887,644,9627,7643,3577,243,4054,1660,5578,2231,5303,4193,4279,2536,2769,8246,9254,3733,6498,5071,8130,9139,3774,339,6612,6767,3731,5510,287,4687,6220,6513,8287,5129,9996,9482,3169,8954,5450,540,7624,5134,481,8613,8012,9875,3274,3410,4380,5596,4833,286,7511,4955,126,2136,9860,4302,8378,1944,5229,347,6919,8821,2468,7570,9914,1947,5760,3295,1419,878,5589,6201,9798,9653,9900,6540,8032,2869,9123,4234,3924,4239,7548,4513,8140,3977,6551,8797,8061,7318,7934,7857,7044,8599,3080,7667,4094,8516,1344,7433,5693,328,2858,5782,2685,875,3290,2750,7648,6113,7329,4182,9579,7834,9060,1751,4760,4176,3004,2038,1416,1020,62,6612,3146,3419,4511,8117,2431,3711,7491,5147,8301,4188,9912,3227,8102,3556,2364,5523,5925,1902,6374,6680,3985,9497,3190,4191,7178,7028,5810,200,3248,2050,9953,1162,8577,5988,2044,5808,6965,5063,3098,4112,3821,6508,840,4475,5411,6376,9612,3951,7801,1574,4408,8304,6073,1274,8863,4442,7630,2910,5805,9399,1043,5028,505,4554,6283,2164,6342,3197,8479,5692,556,5009,7179,4806,9564,963,1113,1358,4233,3363,8348,6749,4203,7881,9221,5691,169,2851,1067,4275,2352,2099,9925,1683,5272,9225,2131,2762,4430,8365,9694,5879,79,7866,2058,7004,277,8201,156,5764,758,9232,4938,299,574,197,2571,736,907,7982,9237,2878,646,8184,1701,4600,5303,6791,6929,8688,6975,4612,2861,23,6858,2833,709,9985,7337,8090,6377,4387,8746,1887,9019,7455,3964,8149,1789,8301,1685,6344,306,7649,8602,757,7158,3720,9232,4455,1592,330,8983,4001,7429,2803,8284,7267,7092,3224,2883,1814,4666,4361,9368,2271,4585,146,2949,4648,7055,488,2476,2016,7674,8823,5559,5448,3683,7538,7087,7434,1260,1844,4264,7324,8105,4225,5571,9713,7411,9115,7559,7256,1644,9091,9910,4508,7473,9281,7130,5835,8600,2214,965,3020,9134,6967,4086,8951,5128,7511,8655,2058,3737,6401,734,4197,3890,881,1872,4766,333,5895,7061,2996,3765,6299,9977,4261,7317,3211,2195,8628,9413,3862,827,7877,5229,2595,5355,250,7139,4969,3804,3427,1782,9183,6304,6475,3949,4355,7229,7603,6518,3912,8993,1084,6166,4655,2241,3029,7799,577,3514,6215,5524,3918,9061,616,7874,2834,2875,7619,3817,3143,147,555,8160,6469,6132,7761,6233,3016,50,3875,7887,2513,7868,162,3479,4578,1437,6470,1153,7343,8810,9805,3059,2346,7283,8765,3491,3912,2578,8553,6772,3248,8118,9403,6257,3542,4244,7757,398,4731,3602,4653,2956,5729,2326,3803,8949,1809,6924,4201,5984,9168,4808,499,5283,4682,2641,3051,5450,3097,3711,821,2537,7505,1933,8938,194,469,1285,8557,9900,2034,8928,7129,7839,6820,5409,7029,6572,4990,7937,6077,62,6506,6273,4960,3198,7782,1006,7712,5835,4761,7429,6027,1180,6800,6803,5850,9653,721,9485,7232,4967,9157,263,7141,4627,4448,884,9960,4594,8812,1571,8526,8410,8954,3734,7186,183,3766,3618,343,5922,4804,5055,3373,1086,8246,539,5127,3846,6877,6808,4722,5967,2402,1020,5514,1287,5140,5107,4523,4910,5129,1289,3532,9290,2914,5161,6930,6356,6517,7674,2721,9322,4287,8032,5679,5724,1227,2233,3926,9459,5247,2701,7213,1734,3906,1414,2454,803,5339,2480,627,902,3141,52,787,732,8851,8548,1957,6353,5359,9223,3249,132,5347,9342,5952,1457,7562,2733,9852,6753,6777,278,6105,3844,7604,9157,3249,8341,527,6467,8226,5565,2022,7038,9966,5129,2985,4030,563,8853,3690,6876,2992,6083,7588,1862,3033,7093,3351,2487,7019,8079,3889,4534,5380,7258,8993,7415,2989,2560,5626,2483,5649,1408,3451,499,2298,3917,5299,6930,7090,9253,2588,6581,3400,9977,8962,6235,7456,1242,1525,3539,7351,3984,5125,9126,6326,8693,6891,7948,9651,3982,8243,9610,8298,7009,2186,8913,6303,3058,1347,3384,8746,1251,6404,6872,6103,9578,3587,7796,4847,3054,7863,3298,1580,1389,7823,3312,4713,4821,1763,4431,3924,2584,3738,3850,7942,6259,2456,6665,2734,1980,6201,3320,8658,939



-----------------------------------------------------------------------------------------------------------------------------
10
Bubble 1 -> 0.000070
Bubble 2 -> 0.000081 
Bubble 3 -> 0.000076
Bubble 4 -> 0.000064
Bubble 5 -> 0.000067

100
Bubble 1 -> 0.000626
Bubble 2 -> 0.000480
Bubble 3 -> 0.000716
Bubble 4 -> 0.000709
Bubble 5 -> 0.000669

1000
Bubble 1 -> 0.000070
Bubble 2 -> 0.000081 
Bubble 3 -> 0.000076
Bubble 4 -> 0.000064
Bubble 5 -> 0.000067

10000
Bubble 1 -> 0.012889
Bubble 2 -> 0.010468
Bubble 3 -> 0.009546
Bubble 4 -> 0.009614
Bubble 5 -> 0.010307

----------------------------------------

10
Insertion 1 -> 0.000088
Insertion 2 -> 0.000097
Insertion 3 -> 0.000078
Insertion 4 -> 0.0000108
Insertion 5 -> 0.000090

100
Insertion 1 -> 0.000543
Insertion 2 -> 0.000468
Insertion 3 -> 0.000728
Insertion 4 -> 0.0000563
Insertion 5 -> 0.000643

1000
Insertion 1 -> 0.007333 
Insertion 2 -> 0.006919
Insertion 3 -> 0.006970
Insertion 4 -> 0.0006510
Insertion 5 -> 0.006608

10000
Insertion 1 -> 0.167779 
Insertion 2 -> 0.169447 
Insertion 3 -> 0.158899 
Insertion 4 -> 0.164735 
Insertion 5 -> 0.166617 

----------------------------------------
10
Selection 1 -> 0.000142
Selection 2 -> 0.000065
Selection 3 -> 0.000070
Selection 4 -> 0.000073
Selection 5 -> 0.000061

100
Selection 1 -> 0.000070
Selection 2 -> 0.000124
Selection 3 -> 0.000132
Selection 4 -> 0.000121
Selection 5 -> 0.000129

1000
Selection 1 -> 0.002281
Selection 2 -> 0.002423
Selection 3 -> 0.002285
Selection 4 -> 0.002301
Selection 5 -> 0.002365

10000
Selection 1 -> 0.123045
Selection 2 -> 0.156827 
Selection 3 -> 0.177879 
Selection 4 -> 0.167809
Selection 5 -> 0.173624
----------------------------------------
10
Merge 1 -> 0.000093
Merge 2 -> 0.000101
Merge 3 -> 0.000066
Merge 4 -> 0.000073
Merge 5 -> 0.000078

100
Merge 1 -> 0.000104
Merge 2 -> 0.000115 
Merge 3 -> 0.000138 
Merge 4 -> 0.000116 
Merge 5 -> 0.000118

1000
Merge 1 -> 0.000499 
Merge 2 -> 0.000502
Merge 3 -> 0.000519
Merge 4 -> 0.000495
Merge 5 -> 0.000493

10000
Merge 1 -> 0.134951
Merge 2 -> 0.116472
Merge 3 -> 0.134580
Merge 4 -> 0.102021
Merge 5 -> 0.092128
